(200, -50, -50, -50, 50, -50, -50, -50, -50, -50, -50, -50, -50),
(0, -50, -50, -50, -50, 50, -50, -50, -50, -50, -50, -50, -50),
(0, -50, -50, -50, 50, -50, -50, -50, -50, -50, -50, -50, -50),
(0, -50, 50, -50, -50, -50, -50, -50, -50, -50, -50, -50, -50),
(50, -50, -50, -50, -50, -50, -50, -50, -50, 200, -50, -50, -50),
(-50, -50, -50, -50, -50, -50, -50, 50, -50, 0, -50, -50, -50),
(-50, -50, -50, -50, -50, 50, -50, -50, -50, 0, -50, -50, -50),
(-50, -50, -50, -50, 50, -50, -50, -50, -50, 0, -50, -50, -50),
(-50, -50, 50, -50, -50, -50, -50, 200, -50, -50, -50, -50, -50),
(50, -50, -50, -50, -50, -50, -50, 0, -50, -50, -50, -50, -50),
(-50, -50, -50, -50, -50, -50, -50, 0, -50, -50, -50, 50, -50),
(-50, -50, -50, -50, -50, -50, -50, 0, -50, 50, -50, -50, -50),
(-50, -50, -50, -50, -50, -50, -50, 50, -50, -50, -50, 200, -50),
(-50, -50, -50, -50, -50, 50, -50, -50, -50, -50, -50, 0, -50),
(-50, -50, -50, -50, 50, -50, -50, -50, -50, -50, -50, 0, -50),
(-50, -50, 50, -50, -50, -50, -50, -50, -50, -50, -50, 0, -50),
(200, -50, -50, -50, 50, -50, -50, -50, -50, -50, -50, -50, -50),
(0, -50, -50, -50, -50, -50, -50, -50, -50, -50, -50, -50, 50),
(0, -50, -50, -50, -50, -50, -50, -50, -50, -50, -50, 50, -50),
(0, -50, -50, -50, -50, -50, -50, -50, -50, -50, -50, -50, 50),
(-50, -50, -50, -50, 50, -50, -50, -50, -50, 200, -50, -50, -50),
(-50, -50, -50, -50, -50, -50, -50, -50, -50, 0, -50, -50, 50),
(-50, -50, -50, -50, -50, -50, -50, -50, -50, 0, -50, 50, -50),
(-50, -50, -50, -50, -50, -50, -50, -50, -50, 0, -50, -50, 50),
(-50, -50, -50, -50, -50, -50, -50, 200, -50, -50, -50, -50, -50),
(-50, -50, -50, -50, -50, 50, -50, 0, -50, -50, -50, -50, -50),
(-50, -50, -50, -50, 50, -50, -50, 0, -50, -50, -50, -50, -50),
(-50, -50, 50, -50, -50, -50, -50, 0, -50, -50, -50, -50, -50),
(-50, -50, 95, -50, -50, 50, -50, -50, -50, -50, -50, -50, -50),
(-50, -50, -5, -50, 50, -50, -50, -50, -50, -50, -50, -50, -50),
(-50, -50, 50, -50, -50, -50, -50, -50, -50, -50, -50, -50, -50),
(-50, -50, -50, -50, -50, -50, -50, -50, -50, -50, -50, 50, -50),
(195, -50, -50, -50, -50, -50, -50, -50, -50, -50, -50, -50, 50),
(0, -50, -50, -50, -50, -50, -50, -50, -50, 50, -50, -50, -50),
(0, -50, -50, -50, -50, -50, -50, 50, -50, -50, -50, -50, -50),
(-5, -50, -50, -50, -50, 50, -50, -50, -50, -50, -50, -50, -50),
(200, -50, -50, -50, 200, -50, -50, -50, -50, -50, -50, -50, -50),
(0, -50, -50, -50, 0, -50, -50, -50, -50, -50, -50, -50, -50),
(0, -50, -50, -50, 0, -50, -50, -50, -50, -50, -50, -50, -50),
(0, -50, -50, -50, 0, -50, -50, -50, -50, -50, -50, -50, -50)
